4699
19462
14656
6762
19568
31662
23772
28663
22288
28364
11833
14435
8250
30141
1288
28974
2979
32478
12589
6839
29787
9046
8482
32298
23263
10577
8165
14099
14815
5041
3426
30413
25099
6962
18763
8359
3666
24868
9619
1689
19721
11256
19258
10222
20343
16729
29158
3641
27975
5321
24418
26385
10867
11166
27681
16639
18706
32577
16268
17618
4927
20208
3194
22054
9905
1435
13275
4351
5779
20342
30345
25538
8561
10503
20902
3018
18360
12893
5390
29950
31330
2478
10915
22473
2498
21942
27913
6705
18863
19360
19946
29679
31001
3584
23710
13496
30582
8096
29641
13942
